E_minimax: 	0.0000000796 
C[ 1]	 -0.0016345623 
C[ 2]	 -0.0000000277 
C[ 3]	 0.1084589949 
C[ 4]	 -0.0000002713 
C[ 5]	 0.0637904277 
C[ 6]	 0.0059903543 
C[ 7]	 0.0684299396 
C[ 8]	 0.0681212783 
C[ 9]	 0.0314965751 

Execution time 	0.0144507885 s 

	Approximation Values	Data Values

( 0)	 0.2526370455 	0.3947599680 
( 1)	 0.2774244931 	0.4531831510 
( 2)	 0.2074249199 	0.5267660500 
( 3)	 0.2145875573 	0.9564045570 
( 4)	 0.2219387980 	0.8400766750 
( 5)	 0.2224914685 	0.4893961050 
( 6)	 0.2216292486 	0.9483279150 
( 7)	 0.2737949308 	0.5785438560 
( 8)	 0.2498028179 	0.5159342880 
( 9)	 0.2926804293 	0.5113027250 
(10)	 0.2407704796 	0.0765840450 
(11)	 0.1963748331 	0.0524840840 
(12)	 0.2689219973 	0.3191999680 
(13)	 0.3103446271 	0.2340238480 
(14)	 0.2454959781 	0.4450435420 
(15)	 0.1815100724 	0.6977424960 
(16)	 0.2666841541 	0.6049663470 
(17)	 0.2535481373 	0.5022719710 
(18)	 0.2482807924 	0.4560810250 
(19)	 0.2756685579 	0.1181592700 
(20)	 0.2766617536 	0.7877431830 
(21)	 0.2887612475 	0.6277432700 
(22)	 0.2958332874 	0.1852421040 
(23)	 0.2048249064 	0.3113705900 
(24)	 0.2069870668 	0.2128189190 
(25)	 0.1965773014 	0.5867744320 
(26)	 0.1612304525 	0.2659660300 
(27)	 0.2768896572 	0.2342149250 
(28)	 0.1686645318 	0.9862615300 
(29)	 0.2305682200 	0.0076391860 
(30)	 0.2907544056 	0.4872438800 
(31)	 0.2813592316 	0.1522226180 
(32)	 0.2728455074 	0.0342126050 
(33)	 0.2415957177 	0.4790096510 
(34)	 0.2120258274 	0.1088866930 
(35)	 0.2429657465 	0.4980778160 
(36)	 0.2728017196 	0.3447569870 
(37)	 0.2300126616 	0.2385182270 
(38)	 0.2412782868 	0.1433770820 
(39)	 0.2662187911 	0.1570377050 
(40)	 0.2011552201 	0.9077217930 
(41)	 0.2538451038 	0.7041772740 
(42)	 0.2179910432 	0.3724170780 
(43)	 0.2495303015 	0.6552192140 
(44)	 0.2183097580 	0.0377088850 
(45)	 0.2638633445 	0.7889992050 
(46)	 0.2389500305 	0.4973200750 
(47)	 0.1856206199 	0.2057902970 
(48)	 0.2168711358 	0.3000384720 
(49)	 0.2075874163 	0.0689292320 
(50)	 0.2384821291 	0.4667125630 
(51)	 0.1667800523 	0.8492570540 
(52)	 0.2707474255 	0.7975454340 
(53)	 0.2665993647 	0.4703582810 
(54)	 0.2248455413 	0.4271075910 
(55)	 0.2498685057 	0.0322885570 
(56)	 0.2479056155 	0.9660259320 
(57)	 0.2527660976 	0.8721814300 
(58)	 0.1834201393 	0.5771209800 
(59)	 0.2002421887 	0.1242726850 
(60)	 0.2014014112 	0.4274347290 
(61)	 0.2265889666 	0.2121653290 
(62)	 0.2810187090 	0.7804994170 
(63)	 0.3064591675 	0.0640674290 
(64)	 0.2523220809 	0.5381569240 
(65)	 0.2426343973 	0.6325687000 
(66)	 0.2466002489 	0.1022817710 
(67)	 0.1924810807 	0.5764864130 
(68)	 0.2641724083 	0.4306085850 
(69)	 0.2133231008 	0.6877470400 
(70)	 0.2353546355 	0.7273043900 
(71)	 0.2500530979 	0.9965474710 
(72)	 0.1880440177 	0.9860397220 
(73)	 0.1791736481 	0.9381704300 
(74)	 0.2413997664 	0.8480059090 
(75)	 0.2241295103 	0.5968241400 
(76)	 0.2542997992 	0.0939662730 
(77)	 0.2543835478 	0.4107742520 
(78)	 0.1751837618 	0.9262654900 
(79)	 0.2786501587 	0.8032048970 
(80)	 0.2474805769 	0.6156599770 
(81)	 0.1786444030 	0.6598626860 
(82)	 0.2247213163 	0.3770522220 
(83)	 0.2437472104 	0.3191092340 
(84)	 0.1933257688 	0.7611619090 
(85)	 0.2524296927 	0.6157569060 
(86)	 0.2055571493 	0.1319509020 
(87)	 0.1667002869 	0.1729095650 
(88)	 0.3062481851 	0.8679775030 
(89)	 0.2704170231 	0.8799713360 
(90)	 0.1972484401 	0.5083510660 
(91)	 0.2542458999 	0.1327235230 
(92)	 0.2710550254 	0.3163832700 
(93)	 0.2256667950 	0.5499889740 
(94)	 0.2057846756 	0.9639179870 
(95)	 0.2391831181 	0.5743114240 
(96)	 0.2514135266 	0.4982247010 
(97)	 0.2458635671 	0.7473924390 
(98)	 0.2644524928 	0.0821903970 
(99)	 0.2527123921 	0.2149489790 
(100)	 0.2165698772 	0.6103705790 
(101)	 0.3180406607 	0.1940253560 
(102)	 0.2793328794 	0.1215758130 
(103)	 0.2447464625 	0.0533519820 
(104)	 0.2262653776 	0.9370843110 
(105)	 0.2685593007 	0.2402503290 
(106)	 0.2453233388 	0.1645499040 
(107)	 0.2052686440 	0.8287845730 
(108)	 0.2514332920 	0.1110623230 
(109)	 0.2463017063 	0.2625840630 
(110)	 0.2215437977 	0.9521132980 
(111)	 0.2257083942 	0.8632765040 
(112)	 0.2603632724 	0.3424062970 
(113)	 0.2589662386 	0.4458797580 
(114)	 0.1864120104 	0.6748342990 
(115)	 0.2197084887 	0.3343877370 
(116)	 0.2996758062 	0.1670636840 
(117)	 0.2333224166 	0.4570574440 
(118)	 0.2798854805 	0.7633221310 
(119)	 0.2575192389 	0.6972177600 
(120)	 0.1708284619 	0.4983048040 
(121)	 0.2459535825 	0.4147524520 
(122)	 0.2728533780 	0.0075223330 
(123)	 0.2683709058 	0.2648093950 
(124)	 0.2140198477 	0.6085372520 
(125)	 0.1726251620 	0.2027143290 
(126)	 0.2537370803 	0.4288568220 
(127)	 0.2670118537 	0.0195615870 
(128)	 0.2146260098 	0.6924918490 
(129)	 0.2996565426 	0.8736245270 
(130)	 0.1776648002 	0.6768335270 
(131)	 0.2647278682 	0.7355282290 
(132)	 0.3067195676 	0.0440467270 
(133)	 0.2465679116 	0.6046542210 
(134)	 0.1964094670 	0.5189139360 
(135)	 0.2289187154 	0.2518869020 
(136)	 0.2128314553 	0.7220679760 
(137)	 0.2461021786 	0.2518989570 
(138)	 0.3044884460 	0.1280958670 
(139)	 0.2289539900 	0.1164110520 
(140)	 0.2746738768 	0.5716432680 
(141)	 0.2685210462 	0.4180043910 
(142)	 0.1894406275 	0.5135482400 
(143)	 0.2898707317 	0.5877042170 
(144)	 0.2139083933 	0.0904279040 
(145)	 0.3017114169 	0.9147708680 
(146)	 0.2466179811 	0.6272787500 
(147)	 0.2205915741 	0.8219085640 
(148)	 0.1892506476 	0.7340664540 
(149)	 0.3093016332 	0.9192219970 
(150)	 0.2778590948 	0.6537370570 
